630
2616
10755
15941
17204
26475
30738
31656
43563
46362
55799
56011
60720
64270
65298
66571
67065
72231
79984
86781
90718
91490
93360
94590
94815
94838
96209
99289
103141
105699
108815
108934
121957
123915
125681
131311
135014
140035
157419
158349
166208
167930
171412
174176
174435
176869
193679
199167
199887
204261
210015
210048
213140
228624
231408
234174
234596
238893
246605
262695
265274
272182
273674
285404
287047
288488
293181
297835
300280
307639
308874
310956
312649
312941
329915
330387
331647
335454
338888
343917
346720
356567
357179
359586
360925
361675
365393
366342
368533
375489
382921
384055
384284
391537
393852
404217
404950
406109
411919
414880
416982
421081
423239
423420
424523
427274
428101
429467
430705
431562
432787
436653
444403
447204
458902
469098
473438
479077
480421
484736
486339
507717
509402
513897
519494
522163
529198
535425
540781
542504
560106
561022
569847
570277
573140
573485
575838
595746
597530
599641
600294
600576
602481
604512
605891
606539
608679
614626
615068
616287
622707
623297
636524
638281
639057
640689
645199
652761
653480
655141
657162
657172
671509
677037
679000
680203
680366
692127
694227
695783
705352
708892
711886
717301
724533
728799
730503
733358
735636
740642
740813
741676
742050
743795
744658
749089
751084
751091
751590
751591
754880
762939
763938
771674
781999
787468
791238
791356
792769
796292
797006
798723
804724
804912
807339
809213
812814
819057
819448
821501
826610
831136
832043
832964
838663
841353
842981
847282
847713
850213
854374
857074
859374
867782
868407
877040
877583
881997
883859
890882
892253
901214
917210
917895
918641
922596
925733
934201
947142
954572
958020
961473
964128
964651
974320
974990
978754
981308
986317
989489
992832
993099
995605
995786
996425
997029
1000326
1000596
1001456
1001492
1007211
1010402
1015946
1017853
1018585
1026744
1029621
1030103
1031314
1045447
1052537
1054838
1056188
1057095
1064976
1068932
1069498
1071159
1073787
1074207
1077482
1082083
1084558
1089405
1092493
1095019
1099831
1104976
1105788
1109661
1111829
1112087
1116996
1119712
1124079
1125011
1126046
1133181
1134261
1139360
1139377
1142539
1147161
1148045
1150253
1151954
1155028
1160299
1161690
1164871
1167457
1174494
1177959
1178499
1184799
1186562
1198396
1199114
1200518
1201860
1204010
1214504
1219866
1221250
1237742
1245851
1251527
1254523
1259357
1263211
1274109
1274908
1277108
1279932
1283552
1291866
1291913
1294155
1294469
1294992
1299706
1311834
1313231
1319168
1327846
1339434
1340263
1343552
1348241
1354782
1361427
1364754
1365749
1368514
1368633
1373053
1374910
1375335
1375413
1377967
1379765
1380965
1385637
1390670
1391999
1392137
1393416
1394736
1395188
1397047
1398673
1404836
1406962
1407718
1418638
1438636
1439925
1440347
1440990
1443835
1446759
1455591
1456331
1461007
1467638
1468459
1471890
1475645
1476379
1476664
1478850
1480147
1484015
1484105
1484643
1491254
1493658
1500446
1505751
1509706
1514207
1515961
1519066
1523437
1524837
1526254
1528242
1529824
1532064
1533378
1534284
1539361
1545477
1550418
1550939
1555788
1556687
1564262
1566336
1575792
1575929
1579561
1580063
1580145
1585465
1589075
1593802
1606438
1607837
1616954
1617677
1622272
1622772
1629664
1629970
1630240
1632141
1636227
1640650
1644762
1645806
1650580
1656148
1658985
1661243
1661501
1662686
1667618
1673952
1676444
1677796
1686714
1690973
1707486
1709686
1713367
1718342
1718868
1720938
1723495
1725599
1733371
1736101
1744410
1752641
1758747
1762606
1762879
1763045
1765089
1766914
1773239
1773293
1773514
1774049
1774099
1776011
1776276
1776751
1786069
1792301
1794880
1796966
1803837
1804614
1807323
1808288
1816137
1820287
1821742
1827108
1828059
1828928
1829266
1832739
1834533
1834838
1835022
1842115
1842389
